315 345 0.128483
78 416 0.276641
735 901 0.281932
735 721 0.228059
443 891 0.163792
113 443 0.296291
113 891 0.277515
3 23 0.150538
3 201 0.213416
3 573 0.24129
3 609 0.19385
3 671 0.261382
3 691 0.297393
3 747 0.273548
23 201 0.179322
23 507 0.270579
23 573 0.22909
23 609 0.238173
23 671 0.26601
23 691 0.285274
23 747 0.265743
23 905 0.277447
201 573 0.29472
201 609 0.248639
201 671 0.27807
201 691 0.293796
201 905 0.29723
507 573 0.28187
507 593 0.287166
507 747 0.247522
507 905 0.283022
573 671 0.26908
573 691 0.26897
573 747 0.26306
573 905 0.264069
593 747 0.228792
593 905 0.251986
609 671 0.277103
609 691 0.28793
671 691 0.154904
671 959 0.26552
691 959 0.26356
747 905 0.20632
821 959 0.274702
671 351 0.258278
609 711 0.240622
691 351 0.249682
351 573 0.296289
711 821 0.298917
711 3 0.27759
711 23 0.296133
205 779 0.160737
205 919 0.200318
779 919 0.15936
475 951 0.246889
508 951 0.264429
443 783 0.293763
941 993 0.155205
747 919 0.257756
747 951 0.234071
919 951 0.22555
507 475 0.196078
205 59 0.289687
205 959 0.29743
779 59 0.285505
779 959 0.290344
59 609 0.297788
59 747 0.27364
59 919 0.21471
59 951 0.275158
59 3 0.268451
609 508 0.269911
747 475 0.253033
919 475 0.296213
951 593 0.257443
951 3 0.286132
508 23 0.279791
475 593 0.26903
961 919 0.246549
553 475 0.296208
113 205 0.277228
783 891 0.236897
783 779 0.151276
891 779 0.2222
961 941 0.270308
961 993 0.209713
205 891 0.254465
205 783 0.143797
783 959 0.292958
871 59 0.21942
871 919 0.206867
871 747 0.281217
351 59 0.299542
508 711 0.258157
891 747 0.228861
443 747 0.244692
783 919 0.228833
507 891 0.248553
891 871 0.131988
891 59 0.255079
205 871 0.246077
779 871 0.234007
443 871 0.229589
113 783 0.244839
113 959 0.284844
113 779 0.248898
961 871 0.291121
765 809 0.199703
765 833 0.143755
809 833 0.155726
397 355 0.207867
105 765 0.273363
105 833 0.238826
765 835 0.215861
833 835 0.191833
835 809 0.207269
809 309 0.267662
355 447 0.181108
835 447 0.249326
835 355 0.275038
491 533 0.299832
397 447 0.138959
649 829 0.209672
449 421 0.260777
395 151 0.298033
925 923 0.280134
555 457 0.247815
825 519 0.296573
669 689 0.226896
743 781 0.10085
639 119 0.295519
849 927 0.263769
669 927 0.268934
669 639 0.278032
689 927 0.281757
119 21 0.288612
235 321 0.270167
715 695 0.28768
215 235 0.259179
235 695 0.292627
321 695 0.281608
731 811 0.261012
731 867 0.280872
695 433 0.276217
731 715 0.211954
695 731 0.25154
795 803 0.21925
319 423 0.268879
409 319 0.255113
753 723 0.232126
230 853 0.286182
723 651 0.265832
651 911 0.285304
839 683 0.268994
683 387 0.293432
387 337 0.293284
839 387 0.297824
366 72 0.255143
239 273 0.222629
243 263 0.244023
263 773 0.286029
831 265 0.255053
838 40 0.211196
398 484 0.234989
780 14 0.290679
40 112 0.265837
678 112 0.257943
112 454 0.288931
40 678 0.294756
837 679 0.278723
214 724 0.26994
231 920 0.234542
211 208 0.213435
251 211 0.195695
251 208 0.21311
290 231 0.298546
128 556 0.185919
678 310 0.297874
735 841 0.282346
443 315 0.282177
443 355 0.23105
891 397 0.132953
315 397 0.281606
891 315 0.256402
443 397 0.182257
455 345 0.289868
891 345 0.280034
443 345 0.264315
315 455 0.237935
891 355 0.232739
99 455 0.296671
697 855 0.271745
649 973 0.266195
623 829 0.299159
681 701 0.17928
297 257 0.27115
78 357 0.210648
357 416 0.299395
835 205 0.213927
835 779 0.199664
783 447 0.213006
447 59 0.284801
707 419 0.290291
383 707 0.29331
703 377 0.250338
337 377 0.261313
519 577 0.2623
519 119 0.292338
290 269 0.276376
443 447 0.223384
783 355 0.238307
835 783 0.198395
783 833 0.261442
309 269 0.286412
351 357 0.205797
78 345 0.28483
357 345 0.219726
78 177 0.274837
345 351 0.199883
735 785 0.261068
721 841 0.241002
860 399 0.29257
405 341 0.278913
411 305 0.196854
911 123 0.297234
723 683 0.229075
403 407 0.285424
805 799 0.295167
823 791 0.296415
835 113 0.201237
113 833 0.222749
765 113 0.215189
833 205 0.267721
231 152 0.260331
112 310 0.255036
918 948 0.269982
169 95 0.207854
725 685 0.271697
283 429 0.186583
315 59 0.298644
397 59 0.264083
355 919 0.289261
351 355 0.293807
853 305 0.275686
315 357 0.206817
891 447 0.186811
447 779 0.238787
315 351 0.228223
783 397 0.233194
315 78 0.293568
959 355 0.253976
779 355 0.266298
447 919 0.252338
573 345 0.269555
691 345 0.296059
691 315 0.289158
691 357 0.259634
891 835 0.288882
77 809 0.249126
656 37 0.291948
526 429 0.273946
421 261 0.242978
261 449 0.277613
395 367 0.270042
421 151 0.256354
261 151 0.290769
261 395 0.209234
421 431 0.271427
261 311 0.266636
311 367 0.257748
789 767 0.271625
603 745 0.291849
831 445 0.298152
355 205 0.271551
62 672 0.255401
399 427 0.219652
823 923 0.288688
829 737 0.262909
507 443 0.266551
397 779 0.23345
357 177 0.255128
833 871 0.259839
698 871 0.281634
833 698 0.235382
765 698 0.296398
698 105 0.224748
698 315 0.290299
669 303 0.287886
353 307 0.285995
353 387 0.29897
538 510 0.228314
248 6 0.274621
398 638 0.250673
780 184 0.27261
248 406 0.297232
780 200 0.288694
248 200 0.296458
6 200 0.29628
223 263 0.291378
772 887 0.297083
683 853 0.275943
427 303 0.237866
193 91 0.295512
853 839 0.29321
211 231 0.280916
780 382 0.298163
14 102 0.265291
920 211 0.238216
185 193 0.291071
703 505 0.285473
951 397 0.293486
205 447 0.244
205 397 0.24242
747 397 0.245155
399 303 0.251573
355 113 0.21512
919 891 0.221359
355 871 0.244619
833 779 0.273524
455 871 0.295298
319 389 0.277042
741 687 0.265791
397 919 0.23208
871 447 0.231261
871 397 0.1801
285 247 0.280582
880 839 0.288475
871 783 0.274885
871 835 0.293728
919 835 0.271197
397 835 0.270395
397 113 0.27478
809 105 0.273202
833 77 0.276709
809 698 0.249506
77 698 0.255923
113 809 0.261583
809 779 0.291056
475 397 0.297655
184 200 0.296051
809 871 0.276703
833 397 0.284253
871 77 0.292722
355 315 0.289
507 447 0.290115
375 339 0.263047
903 997 0.284055
389 409 0.286251
897 967 0.275793
119 781 0.283063
119 669 0.296274
745 743 0.266815
119 743 0.267004
743 669 0.296338
323 367 0.295842
951 711 0.281725
520 550 0.280829
871 315 0.267185
507 397 0.257081
435 429 0.271216
8 638 0.297943
311 395 0.277135
911 723 0.299566
617 651 0.291688
639 1 0.243277
745 781 0.28432
535 821 0.298612
429 209 0.280128
174 276 0.293867
81 95 0.296453
765 355 0.287877
399 119 0.289895
303 860 0.290196
113 447 0.260437
39 431 0.288757
455 573 0.289417
475 891 0.274955
573 315 0.293396
355 833 0.270912
447 833 0.267425
447 809 0.298267
447 747 0.282045
891 833 0.29928
475 993 0.285043
69 169 0.272749
445 265 0.299508
891 553 0.29624
871 553 0.282111
357 671 0.288947
345 355 0.293716
375 385 0.29396
573 891 0.299907
723 853 0.279465
